%YAML:1.0
    c: !!opencv-matrix
        rows: 19
        cols: 19
        dt: f
        data: [ 0.0000139072, 0.0000188405, 0.0000279227, 
            0.0000426063, 0.0000633910, 0.0000890164, 0.0001162411, 
            0.0001405149, 0.0001572792, 0.0001632596, 0.0001572792, 
            0.0001405149, 0.0001162411, 0.0000890164, 0.0000633910, 
            0.0000426063, 0.0000279227, 0.0000188405, 0.0000139072, 
            0.0000188405, 0.0000296697, 0.0000490719, 0.0000794279, 
            0.0001207499, 0.0001694427, 0.0002186688, 0.0002604360, 
            0.0002881020, 0.0002977337, 0.0002881020, 0.0002604360, 
            0.0002186688, 0.0001694427, 0.0001207499, 0.0000794279, 
            0.0000490719, 0.0000296697, 0.0000188405, 0.0000279227, 
            0.0000490719, 0.0000856932, 0.0001405149, 0.0002109818, 
            0.0002881020, 0.0003591833, 0.0004133632, 0.0004456717, 
            0.0004561677, 0.0004456717, 0.0004133632, 0.0003591833, 
            0.0002881020, 0.0002109818, 0.0001405149, 0.0000856932, 
            0.0000490719, 0.0000279227, 0.0000426063, 0.0000794279, 
            0.0001405149, 0.0002265783, 0.0003277471, 0.0004242229, 
            0.0004952983, 0.0005320403, 0.0005426196, 0.0005434129, 
            0.0005426196, 0.0005320403, 0.0004952983, 0.0004242229, 
            0.0003277471, 0.0002265783, 0.0001405149, 0.0000794279, 
            0.0000426063, 0.0000633910, 0.0001207499, 0.0002109818, 
            0.0003277471, 0.0004456717, 0.0005262760, 0.0005398659, 
            0.0004909251, 0.0004231992, 0.0003922050, 0.0004231992, 
            0.0004909251, 0.0005398659, 0.0005262760, 0.0004456717, 
            0.0003277471, 0.0002109818, 0.0001207499, 0.0000633910, 
            0.0000890164, 0.0001694427, 0.0002881020, 0.0004242229, 
            0.0005262760, 0.0005281187, 0.0003922050, 0.0001541769, 
            -0.0000751369, -0.0001700191, -0.0000751369, 0.0001541769, 
            0.0003922050, 0.0005281187, 0.0005262760, 0.0004242229, 
            0.0002881020, 0.0001694427, 0.0000890164, 0.0001162411, 
            0.0002186688, 0.0003591833, 0.0004952983, 0.0005398659, 
            0.0003922050, 0.0000100160, -0.0005217000, -0.0009950212, 
            -0.0011852433, -0.0009950212, -0.0005217000, 0.0000100160, 
            0.0003922050, 0.0005398659, 0.0004952983, 0.0003591833, 
            0.0002186688, 0.0001162411, 0.0001405149, 0.0002604360, 
            0.0004133632, 0.0005320403, 0.0004909251, 0.0001541769, 
            -0.0005217000, -0.0013939193, -0.0021461037, -0.0024446083, 
            -0.0021461037, -0.0013939193, -0.0005217000, 0.0001541769, 
            0.0004909251, 0.0005320403, 0.0004133632, 0.0002604360, 
            0.0001405149, 0.0001572792, 0.0002881020, 0.0004456717, 
            0.0005426196, 0.0004231992, -0.0000751369, -0.0009950212, 
            -0.0021461037, -0.0031249434, -0.0035111649, -0.0031249434, 
            -0.0021461037, -0.0009950212, -0.0000751369, 0.0004231992, 
            0.0005426196, 0.0004456717, 0.0002881020, 0.0001572792, 
            0.0001632596, 0.0002977337, 0.0004561677, 0.0005434129, 
            0.0003922050, -0.0001700191, -0.0011852433, -0.0024446083, 
            -0.0035111649, -0.0039312830, -0.0035111649, -0.0024446083, 
            -0.0011852433, -0.0001700191, 0.0003922050, 0.0005434129, 
            0.0004561677, 0.0002977337, 0.0001632596, 0.0001572792, 
            0.0002881020, 0.0004456717, 0.0005426196, 0.0004231992, 
            -0.0000751369, -0.0009950212, -0.0021461037, -0.0031249434, 
            -0.0035111649, -0.0031249434, -0.0021461037, -0.0009950212, 
            -0.0000751369, 0.0004231992, 0.0005426196, 0.0004456717, 
            0.0002881020, 0.0001572792, 0.0001405149, 0.0002604360, 
            0.0004133632, 0.0005320403, 0.0004909251, 0.0001541769, 
            -0.0005217000, -0.0013939193, -0.0021461037, -0.0024446083, 
            -0.0021461037, -0.0013939193, -0.0005217000, 0.0001541769, 
            0.0004909251, 0.0005320403, 0.0004133632, 0.0002604360, 
            0.0001405149, 0.0001162411, 0.0002186688, 0.0003591833, 
            0.0004952983, 0.0005398659, 0.0003922050, 0.0000100160, 
            -0.0005217000, -0.0009950212, -0.0011852433, -0.0009950212, 
            -0.0005217000, 0.0000100160, 0.0003922050, 0.0005398659, 
            0.0004952983, 0.0003591833, 0.0002186688, 0.0001162411, 
            0.0000890164, 0.0001694427, 0.0002881020, 0.0004242229, 
            0.0005262760, 0.0005281187, 0.0003922050, 0.0001541769, 
            -0.0000751369, -0.0001700191, -0.0000751369, 0.0001541769, 
            0.0003922050, 0.0005281187, 0.0005262760, 0.0004242229, 
            0.0002881020, 0.0001694427, 0.0000890164, 0.0000633910, 
            0.0001207499, 0.0002109818, 0.0003277471, 0.0004456717, 
            0.0005262760, 0.0005398659, 0.0004909251, 0.0004231992, 
            0.0003922050, 0.0004231992, 0.0004909251, 0.0005398659, 
            0.0005262760, 0.0004456717, 0.0003277471, 0.0002109818, 
            0.0001207499, 0.0000633910, 0.0000426063, 0.0000794279, 
            0.0001405149, 0.0002265783, 0.0003277471, 0.0004242229, 
            0.0004952983, 0.0005320403, 0.0005426196, 0.0005434129, 
            0.0005426196, 0.0005320403, 0.0004952983, 0.0004242229, 
            0.0003277471, 0.0002265783, 0.0001405149, 0.0000794279, 
            0.0000426063, 0.0000279227, 0.0000490719, 0.0000856932, 
            0.0001405149, 0.0002109818, 0.0002881020, 0.0003591833, 
            0.0004133632, 0.0004456717, 0.0004561677, 0.0004456717, 
            0.0004133632, 0.0003591833, 0.0002881020, 0.0002109818, 
            0.0001405149, 0.0000856932, 0.0000490719, 0.0000279227, 
            0.0000188405, 0.0000296697, 0.0000490719, 0.0000794279, 
            0.0001207499, 0.0001694427, 0.0002186688, 0.0002604360, 
            0.0002881020, 0.0002977337, 0.0002881020, 0.0002604360, 
            0.0002186688, 0.0001694427, 0.0001207499, 0.0000794279, 
            0.0000490719, 0.0000296697, 0.0000188405, 0.0000139072, 
            0.0000188405, 0.0000279227, 0.0000426063, 0.0000633910, 
            0.0000890164, 0.0001162411, 0.0001405149, 0.0001572792, 
            0.0001632596, 0.0001572792, 0.0001405149, 0.0001162411, 
            0.0000890164, 0.0000633910, 0.0000426063, 0.0000279227, 
            0.0000188405, 0.0000139072]
